500
##start
0 0 0
1 0 0
2 0 0
3 0 0
4 0 0
5 0 0
6 0 0
7 0 0
8 0 0
9 0 0
10 0 0
11 0 0
12 0 0
13 0 0
14 0 0
15 0 0
16 0 0
17 0 0
18 0 0
19 0 0
20 0 0
21 0 0
22 0 0
23 0 0
24 0 0
25 0 0
26 0 0
27 0 0
28 0 0
29 0 0
30 0 0
##end
31 9 5
32 0 0
33 0 0
34 0 0
35 0 0
36 0 0
37 0 0
38 0 0
39 0 0
40 0 0
0-1
0-10
0-20
1-2
2-3
3-4
4-5
5-6
6-7
7-8
8-9
9-31
10-11
11-12
12-13
13-14
14-15
15-16
16-17
17-18
18-19
19-31
20-21
21-22
22-23
23-24
24-25
25-26
26-27
27-28
28-29
29-30
30-31
0-32
0-33
0-34
0-35
0-36
0-37
0-38
0-39
0-40
32-31
33-31
34-31
35-31
36-31
37-31
38-31
39-31
40-31
